1
WesleySR

1
3

7
147

1
117

1
793

1
18

1
21

1
45
	7 	1264
2
Vitor097

1
4

7
109

1
150

7
2870

1
16

2
25

7
78
	7 	3632
3
olgaleaoo

1
12

9
133

1
1451

1
2694

1
8

1
24

1
80
	7 	4562
4
Levi

1
111

9
1253

1
217

1
3854

1
11

1
19

3
212
	7 	5877
5
williamm

1
12

1
4363

1
1032

4
4518

1
20

2
33

1
54
	7 	10112
6
felipegetulio

2
62

3
1034

1
1011

6
10982

1
87

1
74

1
108
	7 	13518
7
vslopes

2
13

6
5204

3
5233

1
7215

1
28

2
79

6
2950
	7 	21002
8
joaooliveira

1
9

8
2657

4
7297


1
85

1
107

6
2598
	6 	13053
9
Hiago

1
3

4
6972

1
6976


1
22

1
14

1
39
	6 	14086
10
RNeto7

1
8298

1
38889

3
38896


1
8294

1
8295

1
8312
	6 	111024
11
lvieira

1
5642

2
47134

4
47084

3
--

1
5658

1
6685

2
7124
	6 	119427
12
Gapa_IanAlves

2
11

4
45962

6
--


1
43

3
91

1
45870
	5 	92097
13
IsaqueVilson

1
50

3
47501



1
62

1
38

3
45664
	5 	93395
14
Luiz Ruiz

5
19


1
--


1
38

4
63

	3 	260
15
kellylucena

1
34




1
48

1
215

	3 	297
16
dn_prog

1
65




1
113


	2 	178
17
luizg

1
23966

2
--





	1 	23966
