1
lucasq

3
19

3
45

1
62

1
1637

11
193

1
4775

2
393
	7 	7424
2
WesleySR

1
23

1
28

1
73


2
62


1
53
	5 	259
3
felipegetulio

1
13

1
57

3
67


2
123


1
88
	5 	408
4
williamm

1
13

4
119

2
99


1
1078


1
91
	5 	1480
5
Rockett

1
27

2
67

5
228


3
915


1
171
	5 	1548
6
Vitor097

1
12

1
43

3
126


1
155


1
9639
	5 	10015
7
vslopes

1
16

1
67

1
247


3
179


6
22722
	5 	23371
8
Levi

1
5

3
7499

1
7470


4
7493

2
--

1
7508
	5 	30075
9
Hiago

1
13

5
111





2
--
	2 	204
10
lvieira

1
35684




1
10041


	2 	45725
11
adrianopereira

1
36






	1 	36
12
joaooliveira

1
87


6
--


1
--


	1 	87
13
nicowxd






1
3835

	1 	3835
14
RNeto7



3
--


2
--


	0 	0
15
kellylucena





2
--


	0 	0
16
kassio luz







	0 	0
