1
WesleySR

1
9

1
2

4
76

1
6

1
96

2
43

3
3443

1
68
	8 	3863
2
nicowxd

1
8

1
5

1
24

1
12

1
89

2
66


2
193
	7 	437
3
deogu

1
13

1
22

1
114

1
32

1
7942

1
8706


	6 	16829
4
VictorDeluca

1
5

1
7

1
55

1
10


1
30

1
--

	5 	107
5
Rockett

1
9

1
13

1
45

1
19


1
81


	5 	167
6
vslopes

1
7

1
11

1
113

1
22


1
69


	5 	222
7
felipegetulio

1
18

1
9

1
49

1
5




	4 	81
8
Vitor097

1
13

1
4

1
--

1
8


1
66


	4 	91
9
Hiago

1
23

1
3


2
11


1
58


	4 	115
10
lvieira

1
20

1
13


1
6


2
8289


	4 	8348
11
kellylucena

1
2416

1
2439


1
2424


2
3968


	4 	11267
12
Levi

1
8938

1
8922


1
8931


2
9459


	4 	36270
13
Ploita

2
10



1
21


1
51


	3 	102
14
adrianopereira

1
31

1
39


1
47




	3 	117
15
williamm

1
9773

1
9756


1
9760




	3 	29289
16
Luiz Ruiz


1
15


1
22




	2 	37
17
adhamlucas


1
200






	1 	200
