1
felipegetulio

1
6

3
71

1
97

1
33

1
111

2
52

1
58
	7 	488
2
williamm

1
28

5
277

3
312

1
33

1
366

1
50

1
41
	7 	1227
3
WesleySR

1
9

1
37

3
91

1
12

1
1144

1
18

1
22
	7 	1373
4
Levi

1
9

2
77

2
178

1
13

4
1333

1
35

1
37
	7 	1782
5
RNeto7

1
3

3
123

1
1305

5
52

1
1258

1
105

1
70
	7 	3036
6
vslopes

1
8267

1
8312

2
11912

2
8354

3
12753

1
8712

1
8449
	7 	66839
7
Vitor097

1
4

2
40

5
166

1
9


1
14

1
29
	6 	362
8
lvieira

1
12

1
89


1
8

1
37355

2
179

1
29
	6 	37692
9
joaooliveira

1
10

1
31


3
44


1
64

1
50
	5 	239
10
adhamlucas

1
11



4
133


1
56

1
42
	4 	302
11
Luiz Ruiz

9
112



2
42


3
88

1
65
	4 	527
12
luizg

6
118



1
45

4
13812

2
--

1
58
	4 	14193
13
Gapa_IanAlves

1
36737

4
36766


4
36695


2
--

1
36706
	4 	147024
14
IsaqueVilson

1
37430

1
37437


2
37450



1
37457
	4 	149794
15
olgaleaoo

1
37680



1
37825


1
37865

1
37830
	4 	151200
16
Hiago

3
10



2
14


1
--

1
24
	3 	108
17
kellylucena

1
126

1
--


4
38


2
--

1
131
	3 	355
