1
WesleySR

1
3

2
12

1
37

2
43

5
117

1
67

3
78
	7 	517
2
nicowxd

1
413

2
421

1
431

1
448


1
442

1
492
	6 	2667
3
Hiago

1
1019

5
2339

3
2417

2
2437

4
2485

2
1086

	6 	12003
4
Vitor097

1
6

1
11

2
34

1
40

1
--

3
56

2
--
	5 	207
5
RNeto7

1
2

1
8

1
60

2
76


1
68

	5 	234
6
lucasq

1
3

2
19

1
32

2
76


3
55

	5 	265
7
vslopes

1
6

1
15

1
29

2
80

1
--

6
120

2
--
	5 	370
8
felipegetulio

1
22

1
34

1
53

2
91


5
114

	5 	414
9
wildes

1
4

3
41

1
60

1
6512


1
106

	5 	6763
10
Luiz Ruiz

1
10

2
97


1
59


1
43

	4 	229
11
Gapa_IanAlves

1
15

1
37


1
117


5
84

	4 	333
12
IsaqueVilson

1
62

3
2189


1
119


2
105

	4 	2535
13
Levi

1
2

4
--

1
59



2
74

	3 	155
14
williamm

1
3

2
--

1
65

5
--


3
88

	3 	196
15
adrianopereira

1
28

3
66





	2 	134
