1
VictorDeluca

1
35

1
47

2
83

1
30

5
1482

1
42

1
1551
	7 	3370
2
WesleySR

1
91

1
93

9
1036

1
88

1
1964

1
96

1
1923
	7 	5451
3
williamm

1
10

1
17

16
18723

1
4

1
9357

3
30

3
9389
	7 	37910
4
vslopes

2
84

1
57


1
3

1
6998

2
50

1
7053
	6 	14285
5
Levi

1
75

1
81


1
85

1
9361

1
93

3
9389
	6 	19124
6
felipegetulio

1
6

1
19


1
8

1
--

2
55

1
78
	5 	186
7
nicowxd

1
986

1
995


1
988


1
1007

3
2558
	5 	6574
8
Vitor097

1
28

1
12


1
2

1
--

1
23

	4 	65
9
olgaleaoo

2
25

1
62


1
3


1
42

	4 	152
10
Gapa_IanAlves

1
25

1
40


1
28


1
121

	4 	214
11
IsaqueVilson

1
30

2
66

1
--

1
7


3
113

	4 	276
12
Hiago

2
8623

1
62


1
3


2
34

	4 	8762
13
adhamlucas


1
23


1
9


1
76

	3 	108
14
Luiz Ruiz

1
18

1
70


1
21



	3 	109
15
lvieira

1
6863

1
6870


1
6



	3 	13739
16
kellylucena

1
--

1
--


1
13


1
--

	1 	13
17
Touristbr




1
20



	1 	20
