1
Levi

1
2

3
93

1
31

2
81

1
59

2
7076

1
49
	7 	7471
2
WesleySR

1
3185

1
3187

1
3219

1
3200

1
3192

1
3282

1
3229
	7 	22494
3
RNeto7

1
4

4
99

1
9

1
25579

1
4159

2
25945

1
32
	7 	55907
4
vslopes

1
67

3
15373

1
28331

5
19023

1
19016

8
45947

2
15444
	7 	143481
5
felipegetulio

1
5

1
17

1
64

4
111

1
96


1
88
	6 	441
6
Vitor097

1
2

1
55

2
104

1
1332

1
1309

1
--

1
1344
	6 	4166
7
lvieira

1
5

3
5169

1
38

1
5348

1
5238


1
59
	6 	15897
8
williamm

1
9

2
108

1
23

1
19904

1
116


1
72
	6 	20252
9
adhamlucas

1
65

3
5260

1
5304


1
8158


	4 	18827
10
Gapa_IanAlves

1
22894

6
22955


6
--

2
24335

1
--

	3 	70304
11
Hiago

1
17






	1 	17
12
IsaqueVilson

1
51




1
--


	1 	51
13
Luiz Ruiz



1
--




	0 	0
14
joaooliveira







	0 	0
15
luizg





1
--


	0 	0
16
olgaleaoo







	0 	0
