1
WesleySR

1
82

2
67

1
32

1
22

1
14

1
3

1
5
	7 	245
2
vslopes

1
267

2
112

3
300

4
313

1
27

1
34

1
40
	7 	1213
3
nicowxd


1
1192

1
1117

1
1251

1
1043

1
1033

1
1036
	6 	6672
4
Levi

1
9858


1
8751

1
8737

1
8487

1
8476

1
8479
	6 	52788
5
Vitor097



1
55

1
45

1
16

1
3

1
7
	5 	126
6
felipegetulio



1
104

1
75

1
57

1
40

1
43
	5 	319
7
Hiago



2
596

1
120

1
120

1
120

3
597
	5 	1613
8
Rockett

1
1157


1
1165

5
--

1
41

1
27

1
31
	5 	2421
9
lvieira

7
6453



4
5278

1
79

1
6

1
11
	5 	12007
10
adrianopereira


1
--

1
60


1
9

1
15

1
23
	4 	107
11
deogu




2
2399

2
78

1
27

2
35
	4 	2599
12
Luiz Ruiz





2
69

1
35

1
8
	3 	132
13
IsaqueVilson





2
56

1
29

1
35
	3 	140
14
kellylucena



1
--


2
82

1
26

1
39
	3 	167
15
Gapa_IanAlves





5
51

1
18

1
24
	3 	173
16
adhamlucas






1
--

1
136
	1 	136
