1
lucasq

1
8522

1
6

1
39

1
53

1
13

2
7347

1
18

1
62
	8 	16080
2
WesleySR

4
9309

1
89

1
204

2
118

1
90

2
9289

1
89

1
94
	8 	19382
3
Vitor097


1
10

1
107

2
31

2
7

2
19701

1
12

1
75
	7 	20003
4
RNeto7

3
8538

1
22

1
8881

1
55

1
19

3
--

1
26

1
8846
	7 	26427
5
williamm


1
24

1
118

1
52

1
31

3
30494

1
38

2
96
	7 	30913
6
Rockett


1
11

1
281

1
103

1
29


1
39

9
712
	6 	1335
7
lvieira


1
31

1
6605

3
6517

1
16


1
19

2
6580
	6 	19828
8
Levi


1
4


1
23

1
14

2
--

1
17

1
40
	5 	98
9
adrianopereira


1
23

1
--

1
70

1
12


1
17

1
106
	5 	228
10
vslopes

1
--

1
53


1
73

6
8086


2
101

1
132
	5 	8565
11
flaviomb


1
24



1
47


1
63

	3 	134
12
Gapa_IanAlves


1
14



10
169


2
90

	3 	473
13
Hiago


1
763



3
758


1
744

	3 	2305
14
Luiz Ruiz


1
18



3
--


1
80

	2 	98
15
adhamlucas


1
94





1
67

	2 	161
16
IsaqueVilson


1
112



2
--


1
111

	2 	223
17
olgaleaoo


1
7696





1
7711

	2 	15407
18
nicowxd

1
9077





1
9077


	2 	18154
19
felipegetulio





1
23125


1
22360

	2 	45485
