1
WesleySR

1
3

1
22

1
7

2
111

1
31

1
40

1
58
	7 	292
2
Vitor097

1
7

1
12

1
4

1
121

1
20

1
56

1
179
	7 	399
3
Levi

1
8

1
4

2
17


1
39

1
110

1
197
	6 	395
4
felipegetulio

1
57

1
78

1
63


1
75

2
92

3
137
	6 	562
5
RNeto7

1
62

1
2855

2
69


1
77

1
15840

1
2803
	6 	21726
6
williamm

1
15

1
28

2
12


1
38


1
98
	5 	211
7
olgaleaoo

1
17

1
27

1
13


1
94

2
217

	5 	388
8
lvieira

1
21

1
53

3
75


1
92

1
16707

	5 	16988
9
vslopes

1
15861

1
15877

1
15892


4
16076

4
16845

	5 	80671
10
kellylucena

1
23

1
65

2
105


1
84


	4 	297
11
joaooliveira

1
16

1
66

1
56




	3 	138
12
luizg

2
64

1
79

1
98




1
--
	3 	261
13
Gapa_IanAlves

6
15830

8
16656

3
16688




	3 	49454
14
IsaqueVilson

4
17317

2
17351

3
17342




	3 	52130
