1
WesleySR

2
49

1
61

1
13

1
78

2
44

1
95

1
16
	7 	396
2
Vitor097

3
67

2
120

1
2

4
167

6
81

1
99

1
7
	7 	763
3
felipegetulio

11
1043

3
1000

1
17

1
873

5
40

1
943

1
22
	7 	4258
4
nicowxd

2
747

1
757

1
688

1
774

1
709

1
822

1
693
	7 	5210
5
Levi

7
5440

3
75

1
10

1
94

3
28

1
7231

1
16
	7 	13094
6
williamm

12
10050

2
10129

1
5

1
90

2
20

1
10217

1
12
	7 	30783
7
lucasq

3
106

2
156

1
9

1
116

1
17


1
6
	6 	470
8
Hiago

1
852

2
57

1
4

1
771

7
44


1
21
	6 	1889
9
olgaleaoo

3
122


1
11

1
80

3
153


1
36
	5 	482
10
Rockett

3
--

1
853

1
25

3
911

5
170


1
30
	5 	2109
11
vslopes

4
4070

1
40

1
15

2
--

4
91


1
22
	5 	4358
12
lvieira

1
--

1
--

1
5

1
93

6
132


1
24
	4 	354
13
luizg

2
--


1
58

4
3838



1
81
	3 	4037
14
RNeto7

2
74675

2
--

1
74619


1
--


1
74616
	3 	223930
15
joaooliveira



1
16


5
--


2
49
	2 	85
